17
KC960001.1 0.0000000 0.0000010 0.0127810 0.0127810 0.0774286 0.0709670 0.0709670 0.0703163 0.0714830 0.0709891 0.0719319 0.0719507 0.0719507 0.0718841 0.0718841 0.0718255 0.0708702 
KC960002.1 0.0000010 0.0000000 0.0127810 0.0127810 0.0774286 0.0709670 0.0709670 0.0703163 0.0714830 0.0709891 0.0719319 0.0719507 0.0719507 0.0718841 0.0718841 0.0718255 0.0708702 
KC960003.1 0.0127810 0.0127810 0.0000000 0.0000010 0.0721737 0.0665221 0.0665221 0.0658700 0.0669991 0.0669144 0.0678431 0.0678621 0.0678621 0.0677986 0.0677986 0.0657946 0.0648596 
KC960004.1 0.0127810 0.0127810 0.0000010 0.0000000 0.0721737 0.0665221 0.0665221 0.0658700 0.0669991 0.0669144 0.0678431 0.0678621 0.0678621 0.0677986 0.0677986 0.0657946 0.0648596 
KC960011.1 0.0774286 0.0774286 0.0721737 0.0721737 0.0000000 0.0272572 0.0272572 0.0265703 0.0274413 0.0298927 0.0298759 0.0298852 0.0298852 0.0298586 0.0298586 0.0273137 0.0265130 
KC959992.1 0.0709670 0.0709670 0.0665221 0.0665221 0.0272572 0.0000000 0.0000010 0.0021879 0.0029288 0.0059159 0.0059128 0.0059148 0.0059148 0.0059096 0.0059096 0.0058627 0.0036449 
KC959993.1 0.0709670 0.0709670 0.0665221 0.0665221 0.0272572 0.0000010 0.0000000 0.0021879 0.0029288 0.0059159 0.0059128 0.0059148 0.0059148 0.0059096 0.0059096 0.0058627 0.0036449 
KC959988.1 0.0703163 0.0703163 0.0658700 0.0658700 0.0265703 0.0021879 0.0021879 0.0000000 0.0007263 0.0051904 0.0051877 0.0051895 0.0051895 0.0051849 0.0051849 0.0051436 0.0029237 
KC959989.1 0.0714830 0.0714830 0.0669991 0.0669991 0.0274413 0.0029288 0.0029288 0.0007263 0.0000000 0.0059558 0.0059525 0.0059546 0.0059546 0.0059493 0.0059493 0.0059019 0.0036691 
KC959991.1 0.0709891 0.0709891 0.0669144 0.0669144 0.0298927 0.0059159 0.0059159 0.0051904 0.0059558 0.0000000 0.0000020 0.0000020 0.0000020 0.0000020 0.0000020 0.0051556 0.0029301 
KC959998.1 0.0719319 0.0719319 0.0678431 0.0678431 0.0298759 0.0059128 0.0059128 0.0051877 0.0059525 0.0000020 0.0000000 0.0000010 0.0000010 0.0000010 0.0000010 0.0051531 0.0029292 
KC959999.1 0.0719507 0.0719507 0.0678621 0.0678621 0.0298852 0.0059148 0.0059148 0.0051895 0.0059546 0.0000020 0.0000010 0.0000000 0.0000010 0.0000010 0.0000010 0.0051549 0.0029302 
KC960000.1 0.0719507 0.0719507 0.0678621 0.0678621 0.0298852 0.0059148 0.0059148 0.0051895 0.0059546 0.0000020 0.0000010 0.0000010 0.0000000 0.0000010 0.0000010 0.0051549 0.0029302 
KC959990.1 0.0718841 0.0718841 0.0677986 0.0677986 0.0298586 0.0059096 0.0059096 0.0051849 0.0059493 0.0000020 0.0000010 0.0000010 0.0000010 0.0000000 0.0000010 0.0051503 0.0029276 
KC959997.1 0.0718841 0.0718841 0.0677986 0.0677986 0.0298586 0.0059096 0.0059096 0.0051849 0.0059493 0.0000020 0.0000010 0.0000010 0.0000010 0.0000010 0.0000000 0.0051503 0.0029276 
KC959995.1 0.0718255 0.0718255 0.0657946 0.0657946 0.0273137 0.0058627 0.0058627 0.0051436 0.0059019 0.0051556 0.0051531 0.0051549 0.0051549 0.0051503 0.0051503 0.0000000 0.0021832 
KC959996.1 0.0708702 0.0708702 0.0648596 0.0648596 0.0265130 0.0036449 0.0036449 0.0029237 0.0036691 0.0029301 0.0029292 0.0029302 0.0029302 0.0029276 0.0029276 0.0021832 0.0000000 
